$ANSIBLE_VAULT;1.1;AES256
39323365333235396634653635343639636263386239633834316338623163393930633335383635
6166373338353530336262306231373965653338373233610a396331316333616337373633373933
37663733383037646135636366303062653663333264616532666237656138303136616133633630
6136653665306535660a373135613935343732373134316264646263636136373434363536383065
38343766666239346133386630643530656461313934343131643232396438383131393937306335
66326439346635623461383164313731333961303337393038643966633366613262653533383439
34646634623664666231643131623662386264643065653534383434303135353763616139636533
66306661653466343230323466316535393966313236326631396337646265383131326436623932
30363032346634333730343436326662363761343362396138616365363763323938643465343439
65643033383031646230366535646464623837356634346366653464626161356661393561353861
37653432623564363762333230653536633538633434663134353532353961653839353361303538
32363762306365383361333466653864333664666133393639336336313961646435393661343963
3166
